GRID    61000001    10.0  258.84 -451.78  301.66 6731200 6741300 7511301
GRID    61000002    10.0  295.81 -526.32   282.3 6731200 7513501
GRID    61000003    10.0  338.09 -519.28  194.49 6731200 7513501
GRID    61000006    10.0  338.09  519.28  194.49 6731200 7513401
GRID    61000007    10.0  321.79  504.46  189.42 6731200 7513401
GRID    61000010    10.0  290.55  514.13  261.71 6731200 7513401 7517800
GRID    61000011    10.0  304.44  504.88  238.57 6731200 7513401 7517800
GRID    61000012    10.0  318.04  506.14  221.03 6731200 7513401 7517800
GRID    61000023    10.0   294.3   525.9   282.4 6731200 7513401
GRID    61000024    10.0   290.4 -514.02   261.6 6731200 7513501 7517900
GRID    61000025    10.0  304.44 -504.88  238.57 6731200 7513501 7517900
GRID    61000026    10.0  318.04 -506.14  221.03 6731200 7513501 7517900
GRID    61000027    10.0  266.25  373.52  263.09 6731200 7511201
GRID    61000046    10.0   578.3  -500.6     18. 7431400 7517301 7519700
GRID    61000047    10.0   632.1  -500.6     18. 7431400 7517301 7519700
GRID    61000048    10.0   581.4  -360.4     18. 7431400 7517301 7519700
GRID    61000049    10.0   629.1  -360.4     18. 7431400 7517301 7519700
GRID    61000057    10.0   578.3   500.6     18. 7517201 7431400 7519600
GRID    61000058    10.0   632.1   500.6     18. 7517202 7431400 7519600
GRID    61000066    10.0   629.1   360.4     18. 7517201 7431400 7519600
GRID    61000067    10.0   581.4   360.4     18. 7517201 7431400 7519600
GRID    61000146    10.0  -70.14 -514.66  303.39 6414300 7511301 7513501
GRID    61000147    10.0  -11.31 -505.12   303.1 6414300 7511301 7513501
GRID    61000148    10.0   53.63 -493.74  301.77 6414300 7511301 7513501
GRID    61000149    10.0  -78.33 -514.65  319.54 6414300 7513501
GRID    61000150    10.0   38.34 -496.37  318.03 6414300 7513501
GRID    61000151    10.0   69.33 -491.27  317.53 6414300 7513501
GRID    61000152    10.0  121.33 -484.93  316.74 6414300 7513501
GRID    61000153    10.0  100.33 -487.16  317.06 6414300 7513501
GRID    61000154    10.0   84.62 -489.12   301.3 6414300 7511301 7513501
GRID    61000155    10.0  -11.31  505.53   303.1 6414200 7511201 7513401
GRID    61000156    10.0   53.63  494.14  301.77 6414200 7511201 7513401
GRID    61000157    10.0  100.33  487.56  317.06 6414200 7513401
GRID    61000158    10.0   69.33  491.68  317.53 6414200 7513401
GRID    61000159    10.0   38.34  496.78  318.03 6414200 7513401
GRID    61000160    10.0  121.33  485.33  316.74 6414200 7513401
GRID    61000161    10.0   84.62  489.52   301.3 6414200 7511201 7513401
GRID    61000162    10.0  258.05 -413.19  297.03 6731200 6741300 7511301
GRID    61000163    10.0 -107.32   747.7  564.07 6413200 6414200 6411200
GRID    61000164    10.0 -100.81 -516.42   319.6 6413300 6414300 7513501
GRID    61000165    10.0  -102.6  604.25  448.59 6413200 6414200
GRID    61000166    10.0 -101.82  583.04  427.39 6413200 6414200
GRID    61000167    10.0 -101.01  563.15  404.96 6413200 6414200
GRID    61000168    10.0 -106.07 -727.11  533.66 6413300 6414300
GRID    61000169    10.0  -100.7 -527.56  356.69 6413300 6414300
GRID    61000170    10.0 -107.32  -747.7  564.07 6413300 6414300 6411300
GRID    61000175    10.0  263.83  454.04  302.39 6731200 6741300 7511201
GRID    61000176    10.0  262.52  416.09  298.36 6731200 6741300 7511201
GRID    61000185    10.0 -106.07  727.11  533.66 6413200 6414200
GRID    61000186    10.0 -105.45  700.57  519.65 6413200 6414200
GRID    61000187    10.0 -105.45 -700.57  519.65 6413300 6414300
GRID    61000188    10.0 -104.78  674.93  504.08 6413200 6414200
GRID    61000189    10.0 -104.78 -674.93  504.08 6413300 6414300
GRID    61000190    10.0 -104.08  650.27    487. 6413200 6414200
GRID    61000191    10.0 -104.08 -650.27    487. 6413300 6414300
GRID    61000192    10.0 -103.35  626.68  468.48 6413200 6414200
GRID    61000220    10.0  -197.2   748.6   556.9 6413200 6411200
GRID    61000221    10.0  -197.2  -748.6   556.9 6413300 6411300
GRID    61000222    10.0 -261.34  739.62  554.18 7510200 6418200 6413200
GRID    61000223    10.0 -261.34 -739.62  554.18 7510300 6418300 6413300
GRID    61000226    10.0  -167.3   748.6   558.1 6413200 6411200
GRID    61000227    10.0  -167.3  -748.6   558.1 6413300 6411300
GRID    61000228    10.0 -141.32   749.1  564.25 6413200 6411200
GRID    61000229    10.0 -141.32  -749.1  564.25 6413300 6411300
GRID    61000244    10.0 -251.51  762.74  543.04 6418200 7510200
GRID    61000245    10.0 -251.51 -762.74  543.04 6418300 7510300
GRID    61000256    10.0 -170.37  824.72  517.11 7510200 6411200
GRID    61000257    10.0 -170.37 -824.72  517.11 7510300 6411300
GRID    61000258    10.0  265.31  -381.4  264.92 6731200 7511301
GRID    61000264    10.0 -107.95  -747.7    597. 6413300 6414300 6411300
GRID    61000266    10.0 -107.95   747.7    597. 6413200 6414200 6411200
GRID    61000267    10.0   220.8   -769.   565.1 6414300 6411300 6761300
GRID    61000268    10.0   220.8  -770.3   549.9 6414300 6411300 6761300
GRID    61000271    10.0   220.8    769.   565.1 6414200 6411200 6761200
GRID    61000272    10.0   220.8   770.3   549.9 6414200 6411200 6761200
GRID    61000273    10.0  -149.1   748.6    593. 6413200 6411200
GRID    61000274    10.0  -149.1  -748.6    593. 6413300 6411300
GRID    61000275    10.0   -183.   748.6    581. 6413200 6411200
GRID    61000276    10.0   -183.  -748.6    581. 6413300 6411300
GRID    61000277    10.0   -42.3   505.6   303.8 6414200 7511201 7513401
GRID    61000278    10.0   -42.3  -505.6   303.8 6414300 7511301 7513501
GRID    61000279    10.0  -19.01 -505.57  318.69 6414300 7513501
GRID    61000280    10.0  -38.71 -509.04  318.97 6414300 7513501
GRID    61000281    10.0  -58.45 -512.24  319.25 6414300 7513501
GRID    61000283    10.0   149.6   481.6   316.3 6414200 7513401
GRID    61000284    10.0   175.3   479.5   316.7 6414200 7513401
GRID    61000286    10.0    165.  -480.4   301.7 6414300 7511301 7513501
GRID    61000287    10.0   135.5  -482.8   300.7 6414300 7511301 7513501
GRID    61000292    10.0   175.3  -479.5   316.7 6414300 7513501
GRID    61000293    10.0   149.6  -481.6   316.3 6414300 7513501
GRID    61000296    10.0    165.   480.4   301.7 6414200 7511201 7513401
GRID    61000297    10.0   135.5   482.8   300.7 6414200 7511201 7513401
GRID    61000325    10.0 -250.68 -789.57  539.93 6418300 7510300
GRID    61000326    10.0 -250.68  789.57  539.93 6418200 7510200
GRID    61000327    10.0 -167.58 -773.35  517.85 7510300 6411300
GRID    61000328    10.0 -167.58  773.35  517.85 7510200 6411200
GRID    61000329    10.0  -169.2 -799.04  517.42 7510300 6411300
GRID    61000330    10.0  -169.2  799.04  517.42 7510200 6411200
GRID    61000352    10.0   278.8    697.    470. 6414201 6731200
GRID    61000353    10.0  278.16  629.25  428.07 6414201 6731200
GRID    61000354    10.0    280.  -692.5   470.5 6731200 6414301
GRID    61000355    10.0  279.91 -632.97  433.34 6731200 6414301
GRID    61000357    10.0  -31.14   508.1  318.53 6414200 7513401
GRID    61000358    10.0 -105.18 -623.55  469.47 6416900 6413300 6414300
GRID    61000359    10.0  -62.65  514.13  302.39 6414200 7511201 7513401
GRID    61000360    10.0 -104.65 -602.32  450.57 6416900 6413300 6414300
GRID    61000361    10.0 -103.86   -581.  429.25 6416900 6413300 6414300
GRID    61000362    10.0 -103.07   -561.   406.7 6416900 6413300 6414300
GRID    61000363    10.0 -104.75 -542.56  383.15 6416900 6413300 6414300
GRID    61000364    10.0   -9.47  504.31  318.06 6414200 7513401
GRID    61000365    10.0  -53.31  511.98  318.99 6414200 7513401
GRID    61000366    10.0  -70.94  515.05  317.99 6413200 6414200 7513401
GRID    61000367    10.0  -89.65  525.14  353.26 6413200 6414200
GRID    61000368    10.0 -101.79  549.52  392.97 7511800 6413200 6414200
GRID    61000369    10.0 -100.75  536.26  375.44 7511800 6413200 6414200
GRID    61000370    10.0   300.9  375.24  199.27 6731200 7511201 7517800
GRID    61000371    10.0   300.9 -375.24  199.27 6731200 7511301 7517900
GRID    61000372    10.0  312.53  373.39  178.35 7517800 6731200 7517201
GRID    61000373    10.0  323.32  370.21   157.1 7517800 6731200 7517201
GRID    61000374    10.0  311.73 -373.39  177.94 6731200 7517301 7517900
GRID    61000375    10.0  322.52 -370.21   156.7 6731200 7517301 7517900
GRID    64100001    10.0  194.12  768.81  567.61 6414200 6411200
GRID    64100002    10.0  195.76  770.27  551.01 6414200 6411200
GRID    64100011    10.0  197.58  791.28   514.2 6414201 6411200
GRID    64100012    10.0  247.87  797.07  504.84 6414201 6411200
GRID    64101001    10.0  197.58 -791.28   514.2 6414301 6411300
GRID    64101002    10.0  247.58 -797.15  504.89 6414301 6411300
GRID    64101004    10.0  197.16 -770.27  550.95 6414300 6411300
GRID    64101005    10.0   194.1  -768.8   567.6 6414300 6411300
GRID    64140005    10.0   -38.6  557.67  600.45 6414200 6412400
GRID    64140006    10.0  -81.31   725.7   595.3 6414200 6412400
GRID    64140007    10.0  -79.21   702.8   596.4 6414200 6412400
GRID    64140008    10.0  -77.11  679.99  597.63 6414200 6412400
GRID    64140009    10.0  -74.73  653.92  598.77 6414200 6412400
GRID    64140010    10.0  -72.34  628.09  599.91 6414200 6412400
GRID    64140011    10.0  -66.69  602.82  600.71 6414200 6412400
GRID    64140012    10.0  -55.01  578.34   600.9 6414200 6412400
GRID    64140013    10.0  -22.55  544.25  600.05 6414200 6412400
GRID    64140014    10.0    6.14  529.52  597.75 6414200 6412400
GRID    64140015    10.0   31.28  523.49  595.72 6414200 6412400
GRID    64140016    10.0   57.86   520.9  593.37 6414200 6412400
GRID    64140017    10.0   83.01  524.23  590.85 6414200 6412400
GRID    64140018    10.0  107.11  533.33  588.13 6414200 6412400
GRID    64140019    10.0  168.81  644.41  576.53 6414200 6412400
GRID    64140020    10.0  171.06  670.12  574.97 6414200 6412400
GRID    64140021    10.0  173.32  695.94   573.4 6414200 6412400
GRID    64140022    10.0  175.58  721.76  571.83 6414200 6412400
GRID    64140023    10.0  177.82  747.32  570.28 6414200 6412400
GRID    64140024    10.0  141.46  548.17  508.96 6417700 6414200
GRID    64140025    10.0  151.95  568.33  532.98 6417700 6414200
GRID    64140026    10.0  160.24  593.17  580.03 6414200 6412400
GRID    64140027    10.0  166.41  618.01  578.14 6414200 6412400
GRID    64140028    10.0    5.08  513.78  499.91 6417700 6414200
GRID    64140029    10.0   123.4   529.4  501.72 6417700 6414200
GRID    64140030    10.0   39.53   502.8  459.48 6417000 6414200
GRID    64140031    10.0  135.26  552.64  584.58 6414200 6412400
GRID    64140032    10.0  152.87  575.62  581.73 6417701 6414200 6412400
GRID    64140033    10.0   -9.21  535.23  599.33 6417701 6414200 6412400
GRID    64140034    10.0   38.59  500.23  434.63 6417000 6414200
GRID    64140035    10.0   27.89  509.81  499.94 6417700 6414200
GRID    64140036    10.0   59.63  509.39  500.14 6417700 6414200
GRID    64140037    10.0   85.38  498.95  460.23 6417000 6414200
GRID    64140038    10.0   84.58  495.36  434.58 6417000 6414200
GRID    64140039    10.0   91.91  508.68  499.76 6417700 6414200
GRID    64140042    10.0  194.61  729.11  516.12 6414200 6414201
GRID    64140043    10.0  188.49  656.81  496.78 6414200 6414201
GRID    64140044    10.0  183.67  596.67   444.9 6414200 6414201
GRID    64140045    10.0   179.4  542.37  388.16 6414200 6414201
GRID    64140046    10.0  175.65  494.95  342.27 6414200 6414201
GRID    64141001    10.0  177.82 -747.32  570.28 6414300 6412500
GRID    64141002    10.0  175.58 -721.76  571.83 6414300 6412500
GRID    64141003    10.0  173.32 -695.94   573.4 6414300 6412500
GRID    64141004    10.0  171.06 -670.12  574.97 6414300 6412500
GRID    64141005    10.0  168.81 -644.41  576.53 6414300 6412500
GRID    64141006    10.0  166.41 -618.01  578.14 6414300 6412500
GRID    64141007    10.0  160.24 -593.17  580.03 6414300 6412500
GRID    64141008    10.0  148.04 -569.62  582.41 6414300 6412500
GRID    64141009    10.0  127.92 -547.25  585.46 6414300 6412500
GRID    64141010    10.0  107.11 -533.33  588.13 6414300 6412500
GRID    64141011    10.0   83.01 -524.23  590.85 6414300 6412500
GRID    64141012    10.0   57.86  -520.9  593.37 6414300 6412500
GRID    64141013    10.0   31.28 -523.49  595.72 6414300 6412500
GRID    64141014    10.0    6.14 -529.52  597.75 6414300 6412500
GRID    64141015    10.0  -17.42  -540.8  599.36 6414300 6412500
GRID    64141016    10.0   -38.6 -557.67  600.45 6414300 6412500
GRID    64141017    10.0  -55.01 -578.34   600.9 6414300 6412500
GRID    64141018    10.0  -66.69 -602.82  600.71 6414300 6412500
GRID    64141019    10.0  -72.34 -628.09  599.91 6414300 6412500
GRID    64141020    10.0  -74.73 -653.92  598.77 6414300 6412500
GRID    64141021    10.0  -77.11 -679.99  597.63 6414300 6412500
GRID    64141022    10.0  -79.21  -702.8   596.4 6414300 6412500
GRID    64141023    10.0  -81.31  -725.7   595.3 6414300 6412500
GRID    64141024    10.0  183.47 -594.08  442.43 6414300 6414301
GRID    64141025    10.0   172.6 -490.22  339.18 6414300 6414301
GRID    64141026    10.0   188.4 -655.92  496.11 6414300 6414301
GRID    64141027    10.0  178.89 -536.14  387.26 6414300 6414301
GRID    64141028    10.0  194.61 -729.11  516.12 6414300 6414301
GRID    75100001    10.0  702.94  382.04   -41.3 7517201 7518200
GRID    75100002    10.0  702.96  379.46  -18.76 7517201 7518200
GRID    75100003    10.0  657.06  378.66  -18.76 7517201 7518200
GRID    75100004    10.0  657.04  381.23   -41.3 7517201 7518200
GRID    75100005    10.0  657.06  478.34  -18.76 7517201 7518200
GRID    75100006    10.0  657.04  475.76   -41.3 7517201 7518200
GRID    75100007    10.0  702.94  474.97   -41.3 7517201 7518200
GRID    75100008    10.0  702.96  477.54  -18.76 7517201 7518200
GRID    75100009    10.0  285.71  459.95   45.75 7517201 6740801
GRID    75100010    10.0  290.18  458.94   17.72 7517201 6740801
GRID    75100011    10.0  565.36  480.26    -7.5 6740800 7517201
GRID    75100012    10.0   -384.   695.6    369. 6251801 6251800
GRID    75100013    10.0 -614.76  537.35  382.53 6251801 6252200 6251800
GRID    75100014    10.0  -624.4    511.   381.7 6251801 6252200 7518600
GRID    75100015    10.0  -624.4  482.45   381.8 6251801 6252200 7518600
GRID    75100016    10.0  -624.4    509.   362.4 6251801 7518600 6252200
GRID    75100017    10.0  -338.9    696.    404. 6251801 7510200
GRID    75100018    10.0  -436.3   667.7    369. 6251800 6251801
GRID    75100019    10.0   -465.   652.4    369. 6251800 6251801
GRID    75100020    10.0  -612.3    464.  405.12 6252200 6251801
GRID    75100021    10.0   -627.    505.  322.53 6252200 7518600
GRID    75100022    10.0  -608.2    467.   306.6 6252200 7518600
GRID    75100023    10.0   -608.    467.   362.5 6252200 7518600
GRID    75100024    10.0   -608.    467.   334.5 6252200 7518600
GRID    75100025    10.0   -627.    535.  287.58 6252200 7518600
GRID    75100026    10.0 -370.27  540.89  293.08 6413200 7513401
GRID    75100027    10.0 -336.46  538.24  295.51 6413200 7511201 7513401
GRID    75100052    10.0   29.51  458.84  190.54 7511201 7512601
GRID    75100053    10.0   -275.    470.    205. 7511201 7512601
GRID    75100054    10.0  -14.06   462.5  225.19 7511201 7512601
GRID    75100055    10.0   21.33  474.11  168.42 7511201 7512601
GRID    75100056    10.0   23.87  457.12  242.81 7511201 7512601
GRID    75100057    10.0 -245.53    491.  176.56 7511201 7512601 7513401
GRID    75100058    10.0 -215.07    491.  181.49 7511201 7512601 7513401
GRID    75100059    10.0 -463.76  526.31  118.31 7511200 7513400
GRID    75100060    10.0  -435.1   519.5  122.14 7511200 7513400
GRID    75100061    10.0 -396.62  510.28   130.1 7511200 7513400
GRID    75100062    10.0   95.88  478.23  120.77 7511201 7513401
GRID    75100063    10.0  123.74  473.21  103.09 7511201 7513401
GRID    75100064    10.0 -488.54  532.22  117.24 7511200 7513400
GRID    75100065    10.0  212.47  472.93  303.35 7511201 7513401
GRID    75100066    10.0  113.92  481.14  299.63 7511201 7513401
GRID    75100067    10.0   19.81  495.07  302.52 7511201 7513401
GRID    75100068    10.0  -543.3  561.98   287.4 7513400 7511200
GRID    75100069    10.0 -344.34  498.94  146.86 7511201 7513401 7518801
GRID    75100070    10.0 -454.92  548.64  293.18 7511200 7513400 7510200
GRID    75100071    10.0 -597.48    467.  153.58 7511200 7515200
GRID    75100072    10.0  -513.3    467.  153.55 7511200 7515200
GRID    75100073    10.0 -535.02    467.  198.21 7511200 7515200
GRID    75100074    10.0 -575.31    467.  198.16 7511200 7515200
GRID    75100075    10.0  128.08  427.52  148.62 7511201 7517201
GRID    75100076    10.0  258.78  397.65    131. 7511201 7517201
GRID    75100077    10.0  157.74  418.55  169.02 7511201 7517201
GRID    75100078    10.0  224.33  403.39  151.33 7511201 7517201
GRID    75100079    10.0  184.49  411.67  144.92 7511201 7517201
GRID    75100080    10.0   65.15   469.5  152.62 7511201 7512601
GRID    75100081    10.0 -275.98  493.22  168.23 7511201 7512601 7513401
GRID    75100082    10.0 -367.28  503.35  138.45 7511201 7513401 7518801
GRID    75100083    10.0 -132.92   517.6  320.05 6413200 7513401
GRID    75100084    10.0  -484.2    555.    290. 7513400 7511200
GRID    75100085    10.0 -574.12  564.57  285.31 7513400 7511200
GRID    75100086    10.0 -183.18    497.  184.83 7511201 7512601 7513401
GRID    75100087    10.0  -82.01  500.83  222.36 7513401 7516400
GRID    75100088    10.0  -51.67  502.38  230.04 7513401 7516400
GRID    75100089    10.0  141.57  479.25  137.23 7513401 7517201
GRID    75100090    10.0   84.37  491.21  199.05 7513401 7517000
GRID    75100091    10.0  -604.5   548.4   157.3 7514800 7513400
GRID    75100092    10.0 -606.62   548.4  205.83 7514800 7513400
GRID    75100093    10.0  -512.8  520.18   135.6 7515200 7511200 7519200
GRID    75100094    10.0   -588.   550.6  117.29 7515200 7513400 7511200
GRID    75100095    10.0 -569.43   550.6  117.16 7515200 7513400 7511200
GRID    75100096    10.0 -522.64  544.07  117.94 7515200 7513400 7511200
GRID    75100097    10.0 -596.05  517.38   135.6 7515200 7519200 7511200
GRID    75100098    10.0 -598.21   490.5   135.6 7515200 7519200 7511200
GRID    75100099    10.0  554.96  497.36     18. 7517201 6740801
GRID    75100100    10.0  103.64  460.29  132.51 7511201 7517201
GRID    75100101    10.0   153.2  421.91    120. 7511201 7517201
GRID    75100102    10.0    95.3   441.9    168. 7511201 7517201
GRID    75100103    10.0  101.44  438.79   205.5 7511201 7517201
GRID    75100104    10.0   146.4  422.05   240.4 7511201 7517201
GRID    75100105    10.0   149.7  422.21   205.6 7511201 7517201
GRID    75100106    10.0   195.5  406.66   232.1 7511201 7517201
GRID    75100107    10.0    194.  408.25   200.5 7511201 7517201
GRID    75100108    10.0   223.6  399.78   192.9 7511201 7512803 7517201
GRID    75100109    10.0    222.  399.24   219.4 7511201 7512803 7517201
GRID    75100110    10.0  132.22  451.06  114.58 7511201 7517201
GRID    75100111    10.0    63.8  455.21    180. 7511201 7512601 7517201
GRID    75100112    10.0    63.8  452.11   221.5 7511201 7512601 7517201
GRID    75100113    10.0   198.6  479.62  177.08 7513401 7517201
GRID    75100114    10.0  164.46   470.7  110.97 7513401 7517201
GRID    75100115    10.0   149.4  482.52  171.29 7513401 7517201
GRID    75100116    10.0   175.2  476.19   146.9 7513401 7517201
GRID    75100117    10.0  207.62  470.02  131.98 7513401 7517201
GRID    75100118    10.0  250.78  469.99  152.98 7513401 7517201
GRID    75100119    10.0  238.85  478.13  189.06 7513401 7517201
GRID    75100120    10.0  209.63  487.13    222. 7513401 7517201
GRID    75100121    10.0  167.28   487.1  204.82 7513401 7517201
GRID    75100122    10.0  664.74   451.4    -64. 7517201 7518200
GRID    75100123    10.0    703.  480.83     2.9 7517201 7518200
GRID    75100124    10.0   657.1  481.63     2.9 7517201 7518200
GRID    75100125    10.0    700.    455.    -64. 7517201 7518200
GRID    75100126    10.0    700.    402.    -64. 7517201 7518200
GRID    75100127    10.0    660.    402.    -64. 7517201 7518200
GRID    75100128    10.0    703.  376.17     2.9 7517201 7518200
GRID    75100129    10.0   657.1  375.37     2.9 7517201 7518200
GRID    75100130    10.0  333.82  368.79  128.93 7517201 7592400
GRID    75100132    10.0  702.79  495.37     20. 7517201 7518200
GRID    75100133    10.0  657.95  496.64     20. 7517201 7518200
GRID    75100134    10.0  702.79  361.63     20. 7517201 7518200
GRID    75100135    10.0  657.95  360.36     20. 7517201 7518200
GRID    75100139    10.0  -629.9   500.7  255.62 7518600 7511200
GRID    75100140    10.0   -613.   464.1  170.13 7518600 7511200
GRID    75100141    10.0 -612.27   464.1  212.83 7518600 7511200
GRID    75100142    10.0  -629.9  534.96  258.27 7518600 7511200
GRID    75100143    10.0  -629.9  516.88  148.25 7518600 7511200
GRID    75100144    10.0  -629.9  484.19   168.3 7518600 7511200
GRID    75100145    10.0 -610.28   464.1  253.08 7518600 7511200
GRID    75100146    10.0  -629.9  484.55  228.79 7518600 7511200
GRID    75100147    10.0  -629.9   484.1  196.92 7518600 7511200
GRID    75100148    10.0 -576.62   464.1   164.7 7518600 7511200
GRID    75100149    10.0  -311.1   494.5    157. 7511201 7513401 7518801
GRID    75100151    10.0 -275.67  733.27  537.75 7510200 6413200
GRID    75100152    10.0 -307.46  708.85  486.26 7510200 6413200
GRID    75100153    10.0  -403.8   611.1   347.1 7510200 6413200
GRID    75100154    10.0  -414.3   597.7   333.9 7510200 6413200
GRID    75100155    10.0  -155.6   703.5   515.5 7510200 6413200
GRID    75100156    10.0  -392.8    623.   361.1 7510200 6413200
GRID    75100157    10.0 -248.35  667.33  449.49 6413200 7510200 7511803
GRID    75100158    10.0 -272.13  644.35  411.23 6413200 7510200 7511803
GRID    75100159    10.0 -298.29  625.05  373.42 6413200 7510200 7511803
GRID    75100160    10.0 -323.19  689.96  456.92 7510200 6413200 7511803
GRID    75100161    10.0 -349.43  660.21  412.18 7510200 6413200 7511803
GRID    75100162    10.0 -336.39  674.97  434.37 7510200 7511803
GRID    75100163    10.0 -427.97  549.72  291.46 7510200 6413200 7513400
GRID    75100164    10.0 -363.54  645.27  390.22 7510200 7511803 6413200
GRID    75100178    10.0  401.74  377.97   44.19 7592200 7517201
GRID    75100184    10.0  330.67   384.7   59.74 7592400 7517201
GRID    75100185    10.0  331.48  386.31    24.8 7592400 7517201
GRID    75100186    10.0  546.31  360.81     16. 7592400 7517201
GRID    75100187    10.0  327.96  383.24   95.52 7592400 7517201
GRID    75100189    10.0  509.74  384.68  -45.35 7594200 7517201
GRID    75100200    10.0  458.83  445.69  -64.18 6740801 7517201
GRID    75100201    10.0  424.16  444.82  -59.35 6740801 7517201
GRID    75100202    10.0  389.39  447.41  -51.33 6740801 7517201
GRID    75100203    10.0  355.49  444.43  -40.28 6740801 7517201
GRID    75100204    10.0  322.76  440.89  -26.28 6740801 7517201
GRID    75100205    10.0  292.04  437.19   -9.84 6740801 7517201
GRID    75100206    10.0  262.34  434.57    9.59 6740801 7517201
GRID    75100207    10.0  491.83  408.47  -65.97 7594200 7517201
GRID    75100208    10.0  464.27    413.  -64.66 7594200 7517201
GRID    75100209    10.0  429.81  411.49  -60.54 7594200 7517201
GRID    75100210    10.0  404.42  419.28  -55.27 7594200 7517201
GRID    75100211    10.0  380.61  408.03  -48.79 7594200 7517201
GRID    75100212    10.0  296.26  415.54   -12.3 7594200 7517201
GRID    75100213    10.0  320.57  415.49  -25.23 7594200 7517201
GRID    75100214    10.0  312.19  389.01    9.59 7594200 7517201
GRID    75100215    10.0 -208.78  703.52  491.02 7510200 6413200
GRID    75100216    10.0 -183.55  704.13  505.82 7510200 6413200
GRID    75100217    10.0  -228.8  687.96  468.58 7510200 6413200
GRID    75100218    10.0 -259.34  654.82  430.45 7511803 7510200
GRID    75100219    10.0 -286.41  636.28  392.35 6413200 7510200 7511803
GRID    75100220    10.0   520.1  382.52  -22.51 7592400 7517201
GRID    75100221    10.0  538.69  379.92   -1.11 7592400 7517201
GRID    75100226    10.0  251.33  456.38   78.23 7517201 6740801
GRID    75100230    10.0  345.98   416.4  -36.56 7594200 7517201
GRID    75100234    10.0  370.27  380.75   45.51 7517201 7592200
GRID    75100235    10.0 -603.86  497.52  394.97 6251800 6251801
GRID    75100236    10.0  -589.6  538.22  394.97 6251800 6251801
GRID    75100237    10.0 -522.02  602.42  394.97 6251800 6251801
GRID    75100238    10.0  -488.5    620.  394.97 6251800 6251801
GRID    75100239    10.0    284.  481.69   180.2 7513401 7517201
GRID    75100240    10.0  -623.1    583.  225.69 7513400 7514800
GRID    75100241    10.0  -580.4  578.41  368.95 6251801 6251800
GRID    75100242    10.0  -624.7  583.67  200.76 7514800 7518600
GRID    75100243    10.0 -373.18  677.48  329.62 7510200 7511803
GRID    75100247    10.0 -294.26  754.87  441.64 7511803 7510200
GRID    75100251    10.0 -155.56    493.    185. 7511201 7512601 7513401
GRID    75100252    10.0  -126.9    493.   184.8 7511201 7512601 7513401
GRID    75100253    10.0    -75.    493.    180. 7511201 7512601 7513401
GRID    75100254    10.0   -16.5  492.66   167.8 7511201 7512601 7513401
GRID    75100255    10.0    37.1  487.57   149.6 7511201 7512601 7513401
GRID    75100256    10.0  -104.4    493.   183.3 7511201 7512801 7513401
GRID    75100257    10.0   -42.5    493.   174.1 7511201 7512801 7513401
GRID    75100258    10.0    10.6  490.12   159.5 7511201 7512801 7513401
GRID    75100259    10.0    60.5  484.84   139.3 7511201 7512801 7513401
GRID    75100260    10.0  241.18  410.38  281.31 7511201 7512803
GRID    75100261    10.0  242.32  393.63  260.26 7511201 7512803
GRID    75100262    10.0   271.9  394.62   186.8 7511201 7512803 7517201
GRID    75100263    10.0  296.35  395.71  154.83 7512803 7517201
GRID    75100264    10.0  -624.7   564.4  242.69 7514800 7518600
GRID    75100265    10.0 -318.71    467.  241.09 7511201 7518801
GRID    75100266    10.0 -322.24  469.08  264.12 7511201 7518801
GRID    75100267    10.0    -84.  470.24    263. 7511201 7512601 7512801
GRID    75100268    10.0   -14.1  466.56   261.7 7511201 7512601 7512801
GRID    75100269    10.0    -84.   489.5  282.73 7511201 7512601 7512801
GRID    75100270    10.0     53.  454.81   262.4 7511201 7512601 7512801
GRID    75100271    10.0     54.    471.  280.46 7511201 7512601 7512801
GRID    75100272    10.0  -44.47  485.08   212.4 7512800 7512801
GRID    75100273    10.0  -39.84  474.81  261.99 7512800 7512801
GRID    75100274    10.0  -39.84  474.81  231.57 7512800 7512801
GRID    75100275    10.0   18.43  474.75  209.27 7512800 7512801
GRID    75100276    10.0   17.04  468.25  260.88 7512800 7512801
GRID    75100277    10.0   17.06  468.25  229.99 7512800 7512801
GRID    75100278    10.0   -38.6  488.98  278.64 7512800 7512801
GRID    75100279    10.0    16.5  479.21  275.42 7512800 7512801
GRID    75100280    10.0     52.    451.    228. 7511201 7512601
GRID    75100281    10.0      6.    463.    197. 7511201 7512601
GRID    75100290    10.0  446.46  380.64   21.74 7517201 7517600 7517601
GRID    75100291    10.0  477.87  381.57    9.01 7517201 7517600 7517601
GRID    75100292    10.0  507.47  382.15    3.42 7517201 7517600 7517601
GRID    75100293    10.0  451.34  477.11   18.21 7517201 7517600 7517601
GRID    75100294    10.0  481.61  477.16    8.01 7517201 7517600 7517601
GRID    75100299    10.0  160.84  442.26    96.2 7517201 7517600
GRID    75100300    10.0  212.78  407.63  110.09 7517201 7517600 7518800
GRID    75100301    10.0  240.91   402.5   117.4 7517201 7517600 7518800
GRID    75100302    10.0  216.49  464.83  111.64 7517201 7517600 7518800
GRID    75100303    10.0  300.93  392.53  137.68 7517201 7517600 7518800
GRID    75100306    10.0    126.    426.    245. 7511201 7512601
GRID    75100307    10.0    116.  458.01   282.9 7511201 7512601
GRID    75100310    10.0  257.94  456.85   43.55 6740801 7517201
GRID    75100311    10.0  551.31  477.46  -34.15 6740800 7517201
GRID    75100312    10.0    217.  399.07   261.4 7511201 7512803
GRID    75100313    10.0   255.6  392.28    240. 7511201 7512803
GRID    75100314    10.0  257.84  401.83  153.12 7511201 7512803 7517201
GRID    75100315    10.0   289.7   476.1   145.8 7517201 7517200
GRID    75100317    10.0   365.8   469.6    57.4 7517201 7517200
GRID    75100318    10.0   329.5   466.1    66.6 7517201 7517200
GRID    75100319    10.0    288.   465.8    77.1 6740801 7517200 7517201
GRID    75100320    10.0   251.6   468.9   127.9 6740801 7517200 7517201
GRID    75100325    10.0  218.23  415.67  280.64 7511201 7512803
GRID    75100326    10.0 -485.59  540.29  229.21 7513400 7512600
GRID    75100327    10.0 -529.07  546.76  225.33 7513400 7512600
GRID    75100328    10.0  -561.1    550.   248.2 7513400 7512600
GRID    75100329    10.0  -511.8  556.82  287.77 7513400 7511200
GRID    75100330    10.0 -606.03   548.4   246.9 7514800 7513400
GRID    75100331    10.0 -603.01  567.39  282.76 7514800 7513400 7511200
GRID    75100332    10.0 -317.79  589.19  337.17 7511802 6413200 7510200
GRID    75100333    10.0 -162.77  520.94   363.5 7511802 7511800
GRID    75100334    10.0 -175.04    467.  342.66 7511800 7511802
GRID    75100335    10.0 -250.36    465.   347.5 7511802 7511801
GRID    75100336    10.0 -250.36    537.   363.5 7511802 7511801
GRID    75100337    10.0 -279.82  509.22   367.5 7511802 7511801
GRID    75100338    10.0  -261.6  526.14  305.42 6413200 7513401
GRID    75100339    10.0 -324.46  572.85   320.4 7510200 6413200 7511802
GRID    75100340    10.0  -118.5   518.3   305.4 6413200 7513401
GRID    75100341    10.0 -161.77    481.   363.5 7511802 7511800
GRID    75100342    10.0   -308.  534.04  341.81 7511802 7511801
GRID    75100343    10.0 -250.36    481.   363.5 7511802 7511801
GRID    75100344    10.0  -333.5   554.3   306.2 7510200 6413200 7511802
GRID    75100345    10.0   -289.    465.    342. 7511802 7511801
GRID    75100346    10.0 -128.12  488.69   367.5 7511802 7511800
GRID    75100347    10.0 -145.48    467.   347.8 7511800 7511802
GRID    75100348    10.0  -103.5  494.24  303.77 7511802 7511800
GRID    75100349    10.0  -103.5  499.69  342.03 7511802 7511800
GRID    75100350    10.0  -103.5  483.66  331.84 7511802 7511800
GRID    75100351    10.0   -113.  466.92  233.62 7511201 7512601
GRID    75100352    10.0 -204.55  489.23  286.73 7511201 7512601
GRID    75100353    10.0 -251.03  489.23  286.73 7511201 7512601
GRID    75100354    10.0 -160.47  489.67  286.78 7511201 7512601
GRID    75100355    10.0 -148.66   513.6   304.6 6413200 7511201 7513401
GRID    75100356    10.0 -185.17   513.6   304.7 6413200 7511201 7513401
GRID    75100357    10.0 -214.72   513.6   304.9 6413200 7511201 7513401
GRID    75100358    10.0 -259.16    467.  267.73 7511201 7511802 7512601
GRID    75100359    10.0 -203.98    467.  267.96 7511201 7511802 7512601
GRID    75100360    10.0 -131.66  540.17  377.54 7511802 7511800 6413200
GRID    75100361     9.0  -90.65  511.83  322.51 6413200 7511800 7513401
GRID    75100362    10.0 -120.08    467.  323.48 7511800 7511802
GRID    75100363    10.0  -87.25  511.86  304.48 6413200 7511201 7513401
GRID    75100364    10.0 -161.33    469.   266.6 7511201 7511802 7512601
GRID    75100365    10.0 -159.51    467.  238.47 7511201 7512601
GRID    75100366    10.0   -306.  484.03   341.8 7511802 7511801
GRID    75100367    10.0   -306.   501.5  306.37 7511802 7511801
GRID    75100369    10.0 -270.06  596.96  375.88 7511802 6413200
GRID    75100370    10.0 -244.03  573.68  375.71 7511802 6413200
GRID    75100371    10.0 -210.13  562.75  376.19 7511802 6413200
GRID    75100372    10.0 -176.21  553.85  376.25 7511802 6413200
GRID    75100373    10.0 -108.05  464.81    267. 7511201 7511802 7512601
GRID    75101001    10.0 -603.86 -497.52  394.97 6251900 6251901
GRID    75101002    10.0  657.06 -478.34  -18.76 7517301 7518300
GRID    75101003    10.0  657.04 -475.76   -41.3 7517301 7518300
GRID    75101004    10.0  702.96 -477.54  -18.76 7517301 7518300
GRID    75101005    10.0  702.94 -474.97   -41.3 7517301 7518300
GRID    75101006    10.0  702.96 -379.46  -18.76 7517301 7518300
GRID    75101007    10.0  702.94 -382.03   -41.3 7517301 7518300
GRID    75101008    10.0  657.04 -381.24   -41.3 7517301 7518300
GRID    75101009    10.0  657.06 -378.66  -18.76 7517301 7518300
GRID    75101010    10.0   -419.   -467.    190. 7511300 7518900
GRID    75101012    10.0  321.22 -505.27  189.29 7513501 7517700
GRID    75101013    10.0  290.13 -458.92   17.36 6740901 7517301
GRID    75101014    10.0  286.21 -460.01   45.81 6740901 7517301
GRID    75101015    10.0 -608.37 -512.72  523.54 6252500 6252300
GRID    75101016    10.0 -411.12 -602.23   338.3 6413300 7510300
GRID    75101017    10.0 -416.01 -590.43  322.13 6413300 7510300
GRID    75101018    10.0 -608.37 -512.72  490.81 6252500 6252300
GRID    75101019    10.0  252.46  -456.4   77.91 6740901 7517301
GRID    75101022    10.0 -433.54 -669.12  367.31 6251901 6251900
GRID    75101023     9.0   -611.  -465.8    406. 6251901 6252300
GRID    75101024    10.0  -624.4   -511.   381.7 6251901 6252300 7518700
GRID    75101025    10.0  -624.4 -482.45   381.8 6251901 6252300 7518700
GRID    75101026    10.0  -624.4   -509.   362.4 6251901 6252300 7518700
GRID    75101027    10.0  -338.9   -696.    404. 6251901 7510300
GRID    75101028    10.0 -383.59 -695.77  380.74 6251900 6251901
GRID    75101029    10.0 -411.03 -681.13  367.48 6251900 6251901
GRID    75101030    10.0 -462.84 -653.48  370.93 6251900 6251901
GRID    75101031    10.0 -617.42 -538.22  385.06 6252300 6251901 6251900
GRID    75101032    10.0 -605.82 -552.07  369.77 6252300 6251901 6251900
GRID    75101033    10.0   -608.   -467.  306.49 6252300 7518700
GRID    75101034    10.0   -608.   -467.   362.5 6252300 7518700
GRID    75101035    10.0   -627.   -505.  322.53 6252300 7518700
GRID    75101036    10.0   -608.   -467.   334.5 6252300 7518700
GRID    75101037    10.0 -132.92   -518.  320.05 6413300 7513501
GRID    75101038    10.0 -372.51 -540.64  283.42 6413300 7513501
GRID    75101063    10.0 -518.49 -467.07  217.65 7435300 7511300
GRID    75101064    10.0 -485.49   -467.  217.65 7435300 7511300
GRID    75101065    10.0    65.5 -480.35   136.4 7511301 7512711 7513501
GRID    75101066    10.0     38. -483.66   147.4 7511301 7512711 7513501
GRID    75101067    10.0     10. -486.36   157.6 7511301 7512711 7513501
GRID    75101068    10.0    -18. -488.94    166. 7511301 7512711 7513501
GRID    75101069    10.0    -48.  -490.8   173.7 7511301 7512711 7513501
GRID    75101070    10.0    -78.  -490.8   180.3 7511301 7512711 7513501
GRID    75101071    10.0   -108.  -490.8   183.7 7511301 7512711 7513501
GRID    75101072    10.0  -138.2  -490.8   185.2 7511301 7512711 7513501
GRID    75101073    10.0  -169.2  -489.2   185.3 7511301 7512701 7513501
GRID    75101074    10.0  -203.2 -489.56   184.6 7511301 7512701 7513501
GRID    75101075    10.0  -237.2  -490.7   183.8 7511301 7512701 7513501
GRID    75101076    10.0  -270.9 -491.56   179.6 7511301 7512701 7513501
GRID    75101077    10.0  -303.5 -493.49   170.5 7511301 7512701 7513501
GRID    75101078    10.0  -335.5  -496.9   158.5 7511301 7512701 7513501
GRID    75101079    10.0   -367. -501.93   145.8 7511301 7512701 7513501
GRID    75101080    10.0   123.6 -473.23    103. 7511301 7513501
GRID    75101081    10.0   93.59  -478.2  120.69 7511301 7513501
GRID    75101082    10.0 -394.86  -510.5   136.7 7511300 7513500
GRID    75101083    10.0 -435.14 -519.53  122.07 7511300 7513500
GRID    75101084    10.0 -463.56  -526.1  118.15 7511300 7513500
GRID    75101085    10.0 -488.46  -532.2    117. 7511300 7513500
GRID    75101086    10.0  212.53 -472.52  303.52 7511301 7513501
GRID    75101087    10.0  114.58 -480.67  299.74 7511301 7513501
GRID    75101088    10.0   19.69 -494.68  302.43 7511301 7513501
GRID    75101089    10.0 -120.33 -512.83  305.33 6413300 7511301 7513501
GRID    75101090    10.0  -148.3  -512.7   303.3 6413300 7511301 7513501
GRID    75101091    10.0  -184.9  -512.7   301.6 6413300 7511301 7513501
GRID    75101092    10.0 -223.26  -512.7  297.28 6413300 7511301 7513501
GRID    75101093    10.0 -348.05  -534.8  287.41 6413300 7511301 7513501
GRID    75101094    10.0 -575.39   -467.  199.19 7511300 7515300
GRID    75101095    10.0 -597.54   -467.  153.99 7511300 7515300
GRID    75101096    10.0 -533.81   -467.  199.19 7511300 7515300
GRID    75101097    10.0 -513.01   -467.  153.99 7511300 7515300
GRID    75101098    10.0  258.89 -396.36    131. 7511301 7517301
GRID    75101099    10.0  257.67 -396.57  166.31 7511301 7517301
GRID    75101100    10.0   246.3  -398.5  204.19 7511301 7517301
GRID    75101101    10.0    225. -402.13    218. 7511301 7517301
GRID    75101102    10.0    213. -404.18   193.1 7511301 7517301
GRID    75101103    10.0   203.3 -405.83   231.4 7511301 7517301
GRID    75101104    10.0  160.25  -413.9  240.04 7511301 7517301
GRID    75101105    10.0  145.59 -416.77  207.35 7511301 7517301
GRID    75101106    10.0   167.5 -412.52    159. 7511301 7517301
GRID    75101107    10.0  155.66 -414.79  121.77 7511301 7517301
GRID    75101108    10.0  135.45 -418.88  174.16 7511301 7517301
GRID    75101109    10.0  233.62 -400.66  147.41 7511301 7517301
GRID    75101110    10.0  -67.25  -479.7  195.38 7511301 7512711
GRID    75101111    10.0 -208.32   -467.  219.94 7511301 7512701
GRID    75101112    10.0  -15.28 -454.82   235.4 7511301 7512711
GRID    75101113    10.0 -330.29 -503.93  273.05 7511301 7512701
GRID    75101114    10.0  -29.49 -476.17  186.88 7511301 7512711
GRID    75101115    10.0   44.53 -465.93  163.03 7511301 7512711
GRID    75101116    10.0   37.79 -445.72  201.92 7511301 7512711
GRID    75101117    10.0 -172.67 -499.58  278.68 7511301 7512701
GRID    75101118    10.0 -324.88 -484.08  181.16 7511301 7512701
GRID    75101119    10.0 -229.87   -467.  219.74 7511301 7512701
GRID    75101120    10.0 -239.43   -464.  255.13 7511301 7512701
GRID    75101121    10.0   69.77 -467.31  280.01 7511301 7512711
GRID    75101122    10.0    6.97 -473.02  176.18 7511301 7512711
GRID    75101123    10.0   -5.29 -454.87  204.18 7511301 7512711
GRID    75101124    10.0 -131.97 -463.94  252.01 7511301 7512711
GRID    75101125    10.0 -207.71 -499.58  276.68 7511301 7512701
GRID    75101126    10.0   20.12 -448.99  234.58 7511301 7512711
GRID    75101127    10.0 -366.81 -485.64  164.61 7511301 7512701
GRID    75101128    10.0 -366.53 -468.92  184.14 7511301 7512701
GRID    75101129    10.0   10.82 -450.57  254.56 7511301 7512711
GRID    75101130    10.0  -68.23  -494.1   283.3 7511301 7512711
GRID    75101131    10.0 -173.21   -467.  220.27 7511301 7512701
GRID    75101132    10.0  -99.44 -462.96  251.01 7511301 7512711
GRID    75101133    10.0 -294.84 -501.83  273.41 7511301 7512701
GRID    75101134    10.0 -366.68  -468.9  217.02 7511301 7512701
GRID    75101135    10.0  -17.54 -455.25  256.28 7511301 7512711
GRID    75101136    10.0 -131.56 -493.21  280.24 7511301 7512711
GRID    75101137    10.0   71.65 -461.14  151.06 7511301 7512711 7517301
GRID    75101138    10.0   72.45 -438.45  169.78 7511301 7512711 7517301
GRID    75101139    10.0   72.23 -438.51  201.81 7511301 7512711 7517301
GRID    75101140    10.0  -485.9 -554.27    284. 7513500 7511300
GRID    75101141    10.0 -545.29 -561.75   283.9 7513500 7511300
GRID    75101142    10.0  -575.4 -566.34   284.4 7513500 7511300
GRID    75101143    10.0  -605.8 -569.33  283.76 7513500 7511300
GRID    75101144    10.0 -280.47 -525.78  290.62 6413300 7511301 7513501
GRID    75101145    10.0   -81.9 -500.72  221.83 7513501 7516500
GRID    75101146    10.0   -53.3 -502.25   229.4 7513501 7516500
GRID    75101147    10.0  -625.2 -569.61  233.34 7513500 7518700
GRID    75101148    10.0 -522.64 -544.08    118. 7515300 7513500 7511300
GRID    75101149    10.0  -569.4  -550.6  117.16 7515300 7513500 7511300
GRID    75101150    10.0   -587.  -550.6    119. 7515300 7513500 7511300
GRID    75101151    10.0  139.87 -446.31  109.64 7511301 7517301
GRID    75101152    10.0  126.06 -423.02  140.44 7511301 7517301
GRID    75101153    10.0  112.41  -426.4  200.31 7511301 7517301
GRID    75101154    10.0   94.85 -457.97  137.04 7511301 7517301
GRID    75101155    10.0  124.77  -478.7  139.58 7513501 7517301
GRID    75101156    10.0  148.93  -482.4  170.41 7513501 7517301
GRID    75101157    10.0  167.28  -487.1  204.82 7513501 7517301
GRID    75101158    10.0  209.63 -487.13    222. 7513501 7517301
GRID    75101159    10.0  238.85 -478.13  189.06 7513501 7517301
GRID    75101160    10.0  250.78 -469.99  152.98 7513501 7517301
GRID    75101161    10.0  208.52 -470.01  132.41 7513501 7517301
GRID    75101162    10.0  198.53 -479.68  177.32 7513501 7517301
GRID    75101163    10.0  175.88 -476.06  146.54 7513501 7517301
GRID    75101164    10.0  178.03 -470.15  115.47 7513501 7517301
GRID    75101165    10.0   298.6 -391.62  140.47 7517301 7517700
GRID    75101166    10.0    657.  -362.2    16.6 7517301 7518300
GRID    75101167    10.0   702.5   -363.    16.6 7517301 7518300
GRID    75101168    10.0   657.1 -375.37     2.9 7517301 7518300
GRID    75101169    10.0    703. -376.17     2.9 7517301 7518300
GRID    75101170    10.0    660.   -402.    -64. 7517301 7518300
GRID    75101171    10.0    700.   -402.    -64. 7517301 7518300
GRID    75101172    10.0    700.   -455.    -64. 7517301 7518300
GRID    75101173    10.0   702.5  -495.2    16.6 7517301 7518300
GRID    75101174    10.0    657.  -496.2    16.6 7517301 7518300
GRID    75101175    10.0   657.1 -481.63     2.9 7517301 7518300
GRID    75101176    10.0    703. -480.83     2.9 7517301 7518300
GRID    75101177    10.0  664.74  -451.4    -64. 7517301 7518300
GRID    75101178    10.0  552.13 -498.01     20. 6740901 7517301 7517700
GRID    75101180    10.0  -629.3 -500.54  254.98 7518700 7511300
GRID    75101181    10.0 -611.32  -464.7  170.17 7518700 7511300
GRID    75101182    10.0  -629.3 -482.74  168.59 7518700 7511300
GRID    75101183    10.0  -629.3 -519.21  146.83 7518700 7511300
GRID    75101184    10.0 -611.32  -464.7  212.84 7518700 7511300
GRID    75101185    10.0  -629.3 -536.98  261.29 7518700 7511300
GRID    75101186    10.0 -611.32  -464.7  254.06 7518700 7511300
GRID    75101187    10.0  -576.6  -464.7  164.74 7518700 7511300
GRID    75101188    10.0  -629.3  -484.1   196.9 7518700 7511300
GRID    75101189    10.0  -629.3 -484.55   228.8 7518700 7511300
GRID    75101190    10.0 -410.52 -470.21   219.6 7518900 7511300
GRID    75101191    10.0  -392.3 -469.62  168.59 7518900 7511300
GRID    75101192    10.0 -596.76 -485.93   131.6 7511300 7515300 7519201
GRID    75101193    10.0 -595.24 -516.52   131.6 7511300 7515300 7519201
GRID    75101194    10.0  -515.3 -518.28   131.6 7511300 7515300 7519201
GRID    75101199    10.0   83.82 -491.26  199.16 7513501 7517001
GRID    75101200    10.0 -205.04 -704.47  493.87 7510300 6413300
GRID    75101201    10.0 -238.16  -678.2  455.94 7510300 6413300
GRID    75101202    10.0 -333.09 -575.12  309.91 7510300 6413300
GRID    75101203    10.0 -342.81 -553.07  293.72 7510300 6413300
GRID    75101204    10.0 -274.41 -643.63  404.32 7510300 7511900
GRID    75101205    10.0 -275.67 -733.27  537.75 7510300 6413300
GRID    75101206    10.0 -305.92 -710.23  487.76 7510300 6413300
GRID    75101207    10.0 -319.67 -697.71  470.45 7510300 6413300 7511900
GRID    75101208    10.0 -331.91 -682.77  447.45 7510300 7511900
GRID    75101209    10.0 -349.99 -660.68  413.43 7510300 6413300 7511900
GRID    75101210    10.0 -181.16 -703.84  506.79 7510300 6413300
GRID    75101211    10.0  -155.6  -703.5   515.5 7510300 6413300
GRID    75101212    10.0  -383.9  -623.2  360.49 7510300 6413300
GRID    75101213    10.0  -398.4  -612.6  350.47 7510300 6413300
GRID    75101214    10.0 -430.99 -553.78   286.6 7510300 6413300 7513500
GRID    75101215    10.0 -254.44 -662.17  435.91 7510300 7511900 6413300
GRID    75101216    10.0 -456.12 -550.86  283.31 7510300 7513500 7511300
GRID    75101230    10.0  401.93 -379.74   44.39 7517301 7592300
GRID    75101235    10.0  332.18 -387.09   29.63 7517301 7592500
GRID    75101236    10.0  330.21 -384.42   62.75 7517301 7592500
GRID    75101237    10.0  328.64 -384.47   95.96 7517301 7592500
GRID    75101238     8.0  332.47 -368.34  127.16 7517301 7517700 7592500
GRID    75101239    10.0  547.29 -360.77     16. 7517301 7517700 7592500
GRID    75101245    10.0  512.05 -382.73  -45.03 7517301 7594300
GRID    75101259    10.0  458.85 -446.29  -64.19 6740901 7517301
GRID    75101260    10.0  424.06 -444.82  -59.33 6740901 7517301
GRID    75101261    10.0  389.39 -447.41  -51.33 6740901 7517301
GRID    75101262    10.0  355.49 -444.43  -40.28 6740901 7517301
GRID    75101263    10.0  322.76 -440.89  -26.28 6740901 7517301
GRID    75101264    10.0  292.04 -437.19   -9.84 6740901 7517301
GRID    75101265    10.0  262.34 -434.57    9.59 6740901 7517301
GRID    75101266    10.0  315.76 -390.09    15.5 7517301 7594300
GRID    75101267    10.0  491.83 -408.47  -65.97 7517301 7594300
GRID    75101268    10.0  464.33 -412.88  -64.67 7517301 7594300
GRID    75101269    10.0  429.78 -412.63  -60.44 7517301 7594300
GRID    75101270    10.0  404.54  -421.1  -55.51 7517301 7594300
GRID    75101271    10.0  379.77 -412.72  -48.53 7517301 7594300
GRID    75101272    10.0  345.98  -416.4  -36.56 7517301 7594300
GRID    75101273    10.0  296.26 -415.54   -12.3 7517301 7594300
GRID    75101274    10.0  320.57 -415.49  -25.23 7517301 7594300
GRID    75101275    10.0  565.36 -480.26    -7.5 6740900 7517301
GRID    75101276    10.0  117.71 -452.14  123.91 7511301 7517301
GRID    75101277    10.0  -223.4 -693.12  475.38 7510300 6413300
GRID    75101278    10.0  520.03 -380.38   -22.7 7517301 7592500
GRID    75101279    10.0  538.58 -377.65    -1.3 7517301 7592500
GRID    75101285    10.0  -200.8   -464.  256.86 7511301 7512701
GRID    75101286    10.0   370.4 -382.51   45.72 7517301 7592300
GRID    75101287    10.0  -589.6 -538.22  394.97 6251900 6251901
GRID    75101288    10.0 -535.83 -614.58  368.95 6251900 6251901
GRID    75101289    10.0 -510.21 -607.48  394.97 6251900 6251901
GRID    75101290    10.0 -488.45  -619.8  394.97 6251900 6251901
GRID    75101291    10.0 -485.23 -641.58  382.97 6251900 6251901
GRID    75101292    10.0    284. -483.91   180.2 7513501 7517301
GRID    75101293    10.0 -373.22 -677.48  329.67 7510300 7511900
GRID    75101302    10.0  215.98 -422.58  281.35 7511301 7512901
GRID    75101303    10.0   240.6 -418.38  282.26 7511301 7512901
GRID    75101304    10.0  219.07 -405.17  251.29 7511301 7512901
GRID    75101305    10.0   254.9 -399.07  240.36 7511301 7512901
GRID    75101306    10.0  241.61 -401.33  261.41 7511301 7512901
GRID    75101307    10.0   270.7  -398.4   188.7 7511301 7512901 7517301
GRID    75101308    10.0   290.2 -395.08  170.11 7512901 7517301
GRID    75101309    10.0   163.2  -442.4    97.4 7517301 7517700
GRID    75101310    10.0  232.53 -462.34   119.4 7517301 7517700
GRID    75101311    10.0  212.39 -462.95  110.84 7517301 7517700
GRID    75101312    10.0  245.05 -402.77  119.54 7517301 7517700
GRID    75101313    10.0  217.51 -407.47  112.16 7517301 7517700
GRID    75101314    10.0  468.15 -474.52    5.01 7517301 7517700
GRID    75101315    10.0  503.27  -472.6  -18.88 7517301 7517700
GRID    75101316    10.0  511.24  -475.4   -1.42 7517301 7517700
GRID    75101317    10.0  574.18 -380.17   -2.92 7517301 7517700
GRID    75101318    10.0   551.3 -477.45  -34.16 6740900 7517301
GRID    75101319    10.0  257.94 -456.85   43.55 6740901 7517301
GRID    75101321    10.0   365.8  -469.6    57.4 7517300 7517301
GRID    75101322    10.0   329.5  -466.1    66.6 7517300 7517301
GRID    75101323    10.0    288.  -465.8    77.1 6740901 7517300 7517301
GRID    75101324    10.0   251.6  -468.9   127.9 6740901 7517300 7517301
GRID    75101325    10.0   289.7  -476.1   145.8 7517300 7517301
GRID    75101330    10.0  -561.1   -550.   248.2 7513500 7512700
GRID    75101331    10.0 -529.07 -546.76  225.33 7513500 7512700
GRID    75101332    10.0  -485.6 -540.29  229.21 7513500 7512700
GRID    75101333    10.0  -515.8 -555.69  282.32 7513500 7511300
GRID    75101334    10.0 -366.28 -641.01  386.03 6413300 7510300
GRID    75101335    10.0 -131.63 -534.33  369.26 6416900 6413300
GRID    75101336    10.0 -322.52 -599.69  330.35 6416200 6413300 7510300
GRID    75101337    10.0 -298.25 -624.32  368.64 7510300 6413300 7511900
GRID    75101338    10.0  -287.9 -633.35  387.67 7510300 6413300 6416200
GRID    75101339    10.0 -166.84 -534.11  366.74 6416900 6413300
GRID    75101340    10.0 -204.87  -539.7  361.79 6416900 6413300
GRID    75101341    10.0 -226.42 -559.05  375.97 6416900 6416200 6413300
GRID    75101342    10.0 -220.57 -582.25  406.93 6416900 6416200 6413300
GRID    75101343    10.0 -215.26 -600.58  426.06 6416900 6413300
GRID    75101344    10.0 -207.74  -619.3  444.23 6416900 6413300
GRID    75101345    10.0 -191.57 -632.31  461.49 6416900 6413300
GRID    75101346    10.0 -166.83 -634.69  472.27 6416900 6413300
GRID    75101347    10.0 -131.62 -629.29  472.45 6416900 6413300
GRID    75101348    10.0 -244.02  -597.5  401.46 6416200 6413300
GRID    75101349    10.0 -266.74 -614.78  394.52 6416200 6413300
GRID    75101352    10.0 -100.32 -498.79  284.73 7511301 7512711
GRID    75120001    10.0 -473.16  541.11  155.77 7510405 7510408
GRID    75120002    10.0 -501.41  547.52  160.84 7510405 7510408
GRID    75120003    10.0  -526.1  552.64  161.25 7510405 7510408
GRID    75120004    10.0 -550.68  557.73  161.66 7510405 7510408
GRID    75120005    10.0 -575.24  562.86  162.48 7510405 7510408
GRID    75120006    10.0 -395.83  522.99  137.46 7510405 7510408
GRID    75120007    10.0 -454.83   600.4  108.79 7510406 7510409
GRID    75120008    10.0 -507.56  653.26  112.61 7510406 7510409
GRID    75120009    10.0 -486.02  632.41  111.41 7510406 7510409
GRID    75120010    10.0 -366.35  523.94  239.11 7510409 7510408
GRID    75120011    10.0 -388.87  530.56  258.07 7510409 7510408
GRID    75120012    10.0 -413.98  532.48   240.6 7510409 7510408
GRID    75120013    10.0   -438.  538.07  258.07 7510409 7510408
GRID    75120014    10.0 -461.47  540.42  242.24 7510409 7510408
GRID    75120015    10.0 -582.59  557.55  260.77 7510409 7510408
GRID    75120016    10.0 -318.76  495.21   65.46 7510409 7510408
GRID    75120017    10.0 -347.49  505.57   83.09 7510409 7510408
GRID    75120018    10.0 -319.77  512.67  183.36 7510409 7510408
GRID    75120019    10.0 -477.48  563.92  103.42 7510409 7510406
GRID    75120020    10.0  -471.2  617.07  214.54 7510404 7510409
GRID    75120021    10.0 -425.11  531.46   87.98 7510409 7510408
GRID    75120022    10.0 -391.59  520.28    58.9 7510409 7510408
GRID    75120023    10.0 -443.99  552.57  105.22 7510406 7510409
GRID    75120024    10.0 -410.45  541.39  105.43 7510406 7510409
GRID    75120025    10.0 -445.16  617.33  142.05 7510409 7510406
GRID    75120026    10.0 -450.41   539.9    58.9 7510409 7510408
GRID    75120027    10.0 -509.95  655.59  215.72 7510409 7510404
GRID    75120028    10.0 -508.93    548.  256.29 7510409 7510408
GRID    75120029    10.0  -502.4  557.23   87.49 7510409 7510408
GRID    75120030    10.0 -459.08  592.71  215.58 7510404 7510409
GRID    75120031    10.0   -350.  525.01  260.45 7510409 7510408
GRID    75120032    10.0 -437.23  531.57  138.15 7510405 7510408
GRID    75120033    10.0 -582.18  754.34  192.56 7510409 7510404
GRID    75120034    10.0 -505.32  677.49  189.61 7510409 7510404
GRID    75120035    10.0 -582.18  754.34   147.3 7510409 7510406
GRID    75120036    10.0  -556.5  728.66  191.57 7510409 7510404
GRID    75120037    10.0 -530.91  703.07  190.59 7510409 7510404
GRID    75120038    10.0 -472.33  568.31  218.22 7510404 7510409
GRID    75120039    10.0  -559.2  731.37  146.42 7510409 7510406
GRID    75120040    10.0 -536.23   708.4  145.54 7510409 7510406
GRID    75120041    10.0 -513.26  685.43  144.66 7510409 7510406
GRID    75120042    10.0 -490.35  662.52  143.78 7510409 7510406
GRID    75120043    10.0 -498.85  563.69  220.23 7510404 7510409
GRID    75120044    10.0 -599.73  697.08  180.99 7510405 7510402 7510403
GRID    75120045    10.0 -584.02  670.36  180.38 7510405 7510402 7510403
GRID    75120046    10.0 -568.31  643.65  179.77 7510405 7510402 7510403
GRID    75120047    10.0  -552.6  616.93  179.17 7510405 7510402 7510403
GRID    75120048    10.0 -454.14  626.31  187.64 7510409 7510404
GRID    75120049    10.0  -611.6  669.62  127.54 7510400 7510401
GRID    75120050    10.0  -611.6  660.82  150.09 7510400 7510401
GRID    75120051    10.0 -537.13   590.6  178.57 7510405 7510402 7510403
GRID    75120052    10.0 -467.76  639.92  142.91 7510409 7510406
GRID    75120053    10.0 -319.32  508.06  146.81 7510409 7510408
GRID    75120054    10.0 -555.43  553.99  251.93 7510409 7510408
GRID    75120055    10.0  -614.6  661.35  205.04 7510400 7510401
GRID    75120056    10.0  -614.6    672.  178.62 7510400 7510401
GRID    75120057    10.0  -553.9  574.41    84.8 7510409 7510408
GRID    75120058    10.0 -530.58  566.63   76.56 7510409 7510408
GRID    75120059    10.0 -466.14  572.96  104.75 7510409 7510406
GRID    75121001    10.0 -501.41 -547.52  160.84 7510507 7510502
GRID    75121002    10.0 -582.59 -557.55  260.77 7510501 7510502
GRID    75121003    10.0 -437.23 -531.57  138.15 7510507 7510502
GRID    75121004    10.0 -454.83  -600.4  108.79 7510509 7510501
GRID    75121005    10.0 -347.49 -505.57   83.09 7510501 7510502
GRID    75121006    10.0 -575.24 -562.86  162.48 7510507 7510502
GRID    75121007    10.0 -550.68 -557.73  161.66 7510507 7510502
GRID    75121008    10.0 -473.16 -541.11  155.77 7510507 7510502
GRID    75121009    10.0 -507.55 -653.26    111. 7510501 7510509
GRID    75121010    10.0 -395.83 -522.99  137.46 7510507 7510502
GRID    75121011    10.0 -461.47 -540.42  242.24 7510501 7510502
GRID    75121012    10.0 -582.18 -754.34  192.56 7510501 7510506
GRID    75121013    10.0  -526.1 -552.64  161.25 7510507 7510502
GRID    75121014    10.0 -505.32 -677.49  189.61 7510501 7510506
GRID    75121015    10.0 -582.18 -754.34   147.3 7510501 7510509
GRID    75121016    10.0 -380.05 -529.15  257.94 7510501 7510502
GRID    75121017    10.0  -556.5 -728.66  191.57 7510501 7510506
GRID    75121018    10.0  -364.3 -523.58  239.06 7510501 7510502
GRID    75121019    10.0 -530.91 -703.07  190.59 7510501 7510506
GRID    75121020    10.0 -472.33 -568.31  218.22 7510506 7510501
GRID    75121021    10.0 -486.02 -632.41   109.8 7510501 7510509
GRID    75121022    10.0 -318.76 -495.21   65.46 7510501 7510502
GRID    75121023    10.0 -319.77 -512.67  183.35 7510501 7510502
GRID    75121024    10.0  -559.2 -731.37  146.42 7510501 7510509
GRID    75121025    10.0 -536.23  -708.4  145.54 7510501 7510509
GRID    75121026    10.0 -513.26 -685.43  144.66 7510501 7510509
GRID    75121027    10.0 -410.45 -541.39  105.43 7510509 7510501
GRID    75121028    10.0 -443.99 -552.57  105.22 7510509 7510501
GRID    75121029    10.0 -459.08 -592.71  215.58 7510506 7510501
GRID    75121030    10.0 -490.35 -662.52  143.78 7510501 7510509
GRID    75121031    10.0 -477.48 -563.92  103.42 7510501 7510509
GRID    75121032    10.0 -508.93   -548.  256.29 7510501 7510502
GRID    75121033    10.0 -467.76 -639.92  142.91 7510501 7510509
GRID    75121034    10.0 -425.11 -531.46   87.98 7510501 7510502
GRID    75121035    10.0 -391.59 -520.28    58.9 7510501 7510502
GRID    75121036    10.0  -611.6 -669.62  127.54 7510503 7510500
GRID    75121037    10.0  -611.6 -660.82  150.09 7510503 7510500
GRID    75121038    10.0  -502.4 -557.23   87.49 7510501 7510502
GRID    75121039    10.0 -498.85 -563.69  220.23 7510506 7510501
GRID    75121040    10.0  -471.2 -617.07  214.54 7510506 7510501
GRID    75121041    10.0 -509.95 -655.59  215.72 7510501 7510506
GRID    75121042    10.0  -319.6   -520.  257.65 7510501 7510502
GRID    75121043    10.0 -599.73 -697.08  180.99 7510507 7510504 7510505
GRID    75121044    10.0 -584.02 -670.36  180.38 7510507 7510504 7510505
GRID    75121045    10.0 -568.31 -643.65  179.77 7510507 7510504 7510505
GRID    75121046    10.0  -552.6 -616.93  179.17 7510507 7510504 7510505
GRID    75121047    10.0 -445.16 -617.33  142.05 7510501 7510509
GRID    75121048    10.0 -454.14 -626.31  187.64 7510501 7510506
GRID    75121049    10.0 -537.13  -590.6  178.57 7510507 7510504 7510505
GRID    75121050    10.0 -319.32 -508.06  146.81 7510501 7510502
GRID    75121051    10.0 -555.43 -553.99  251.93 7510501 7510502
GRID    75121052    10.0  -614.6   -672.  178.62 7510503 7510500
GRID    75121053    10.0  -614.6 -661.35  205.04 7510503 7510500
GRID    75121054    10.0  -553.9 -574.41    84.8 7510501 7510502
GRID    75121055    10.0 -530.58 -566.63   76.56 7510501 7510502
GRID    75121056    10.0 -466.14 -572.96  104.75 7510501 7510509
GRID    75121057    10.0 -450.41  -539.9    58.9 7510501 7510502
GRID    75123001    10.0 -464.76 -539.62    57.4 7510700 7510701
GRID    75123002    10.0 -441.81 -531.97    72.4 7510700 7510701
GRID    75123003    10.0 -415.25 -523.11   72.89 7510700 7510701
GRID    75123004    10.0 -392.33 -515.47    57.4 7510700 7510701
GRID    75123005    10.0 -315.33 -486.19  116.36 7510700 7510701
GRID    75123006    10.0 -315.33 -486.19  148.39 7510700 7510701
GRID    75123007    10.0 -380.78 -464.97   198.1 7510700 7510701
GRID    75123008    10.0 -419.43 -465.36   198.1 7510700 7510701
GRID    75123009    10.0 -459.48  -465.4   198.1 7510700 7510701
GRID    75123010    10.0 -496.21 -466.12   198.1 7510700 7510701
GRID    75123011    10.0 -490.12 -425.96  140.71 7510700 7510702
GRID    75123012    10.0 -453.73 -424.96  140.71 7510700 7510702
GRID    75123013    10.0 -492.59 -447.92   94.85 7510700 7510700
GRID    75123014    10.0 -369.26  -481.3   92.93 7510700 7510700
GRID    75123015    10.0 -493.77 -446.35  172.12 7510700 7510700
GRID    75123016    10.0 -357.16 -460.28  139.71 7510700 7510702
GRID    75123017    10.0 -407.66 -430.65  139.71 7510700 7510702
GRID    75123018    10.0 -514.55 -449.94  139.66 7510700 7510702
GRID    79110081    10.0 -294.78 -754.78  442.32 7511900 7510300
